77745
72885
46020
5791
80158
16256
94649
55842
32674
38716
99344
27238
52215
41849
53021
37990
20970
96355
13540
73947
31221
43443
62717
53090
54777
11970
83617
55899
82170
43767
2675
44334
11863
62977
57677
44488
48420
34849
3174
39267
14950
61791
91965
9251
96074
54493
18981
30973
99010
47464
60205
46962
6461
11594
54923
87033
16226
2941
70628
89083
65289
85306
80058
19448
54134
37584
40371
65255
43059
12560
38114
6266
65128
78404
756
26304
6394
66720
98201
15651
37565
7472
69580
96562
52183
39889
79201
58074
46867
53501
30507
79213
61215
26622
24135
90468
7362
12099
41416
17056
